  A    B    C    D    E    F
A 0.00 3.61 4.24 6.52 7.78 7.07
B 3.61 0.00 5.00 3.81 7.91 9.22
C 4.24 5.00 0.00 4.95 3.54 4.47
D 6.52 3.81 4.95 0.00 6.08 9.30
E 7.78 7.91 3.54 6.08 0.00 4.74
F 7.07 9.22 4.47 9.30 4.74 0.00
