    AMSTERDAM ROTTERDAM DEN+HAAG UTRECHT EINDHOVEN TILBURG GRONINGEN ALMERE+STAD BREDA NIJMEGEN ENSCHEDE HAARLEM ARNHEM ZAANSTAD AMERSFOORT APELDOORN DEN+BOSCH HOOFDDORP MAASTRICHT LEIDEN DORDRECHT ZOETERMEER ZWOLLE DEVENTER DELFT ALKMAAR HEERLEN VENLO LEEUWARDEN HILVERSUM HENGELO AMSTELVEEN ROOSENDAAL PURMEREND OSS SCHIEDAM SPIJKENISSE HELMOND VLAARDINGEN ALMELO GOUDA ZAANDAM LELYSTAD DELFSHAVEN ALPHEN+AAN+DEN+RIJN HOORN EDE BERGEN+OP+ZOOM ASSEN MIDDELBURG
AMSTERDAM 0.0 73.77 60.396 52.944 126.719 114.959 182.783 33.821 107.978 122.842 161.179 19.293 97.743 28.458 53.342 89.156 89.814 23.235 214.884 42.677 94.078 52.809 111.896 109.394 63.075 42.66 215.838 181.891 140.913 35.148 150.591 13.439 132.46 19.788 105.414 75.39 85.078 138.131 74.844 151.355 77.327 19.791 59.589 75.891 43.389 44.778 76.971 140.9 187.688 166.42
ROTTERDAM 73.77 0.0 26.879 61.773 110.502 76.587 246.013 99.885 50.465 108.411 195.142 72.086 111.758 84.347 81.278 123.119 78.711 58.931 198.119 35.536 25.619 29.069 145.571 143.358 15.772 97.121 199.074 167.683 205.421 78.438 184.554 69.587 60.617 93.126 94.311 6.301 23.669 125.816 13.435 185.318 24.073 84.299 122.819 3.993 37.907 109.286 96.595 67.963 221.363 125.962
DEN+HAAG 60.396 26.879 0.0 69.182 142.486 105.059 236.55 87.589 78.938 135.432 202.551 59.221 119.166 71.483 88.687 130.528 105.581 46.066 230.651 22.671 54.03 16.404 152.98 150.766 11.689 84.257 231.605 200.215 192.556 85.847 191.963 56.722 88.428 80.262 121.181 23.092 32.78 153.899 22.546 192.727 35.301 71.434 113.356 26.348 35.064 96.421 104.003 88.603 228.771 114.122
UTRECHT 52.944 61.773 69.182 0.0 91.646 79.832 187.617 41.489 72.852 89.756 138.771 63.35 64.657 73.724 24.907 66.747 54.741 63.705 179.811 58.933 58.951 55.955 89.199 86.986 71.01 88.385 180.765 149.375 159.292 20.042 128.182 44.647 97.333 65.534 70.341 65.351 80.781 103.059 70.547 128.946 46.453 65.057 64.423 66.326 42.974 90.045 49.494 115.53 164.991 173.53
EINDHOVEN 126.719 110.502 142.486 91.646 0.0 39.977 251.691 127.228 59.392 65.698 177.761 138.088 84.03 150.372 108.621 114.839 36.654 138.443 90.09 133.862 94.669 130.885 147.459 125.976 128.9 163.123 91.044 59.56 239.339 105.781 167.173 119.384 84.092 142.182 46.45 120.773 121.928 14.024 119.997 167.937 121.382 141.705 150.162 112.541 117.903 166.692 91.819 101.0 223.25 158.999
TILBURG 114.959 76.587 105.059 79.832 39.977 0.0 261.838 115.71 29.799 79.736 191.799 126.776 98.069 139.06 97.103 128.878 34.288 127.131 127.912 115.39 61.396 102.756 161.396 140.014 95.626 151.811 128.866 97.476 233.513 94.263 181.211 108.072 54.499 130.87 53.886 87.499 88.655 55.608 86.724 181.975 93.408 130.393 138.644 79.268 106.591 155.38 105.857 71.407 237.188 129.406
GRONINGEN 182.783 246.013 236.55 187.617 251.691 261.838 0.0 154.624 255.057 207.413 148.586 201.064 171.503 200.943 172.938 143.775 236.946 199.351 336.411 218.793 241.157 228.926 104.799 124.699 239.191 174.105 337.366 266.462 64.621 175.039 137.998 184.539 279.539 180.143 221.887 249.951 261.194 254.59 250.96 115.786 231.053 192.044 128.064 250.926 227.574 164.307 185.531 297.736 33.691 355.735
ALMERE+STAD 33.821 99.885 87.589 41.489 127.228 115.71 154.624 0.0 108.401 111.527 149.864 52.191 86.428 53.614 42.028 77.841 90.29 50.477 215.36 69.92 94.5 80.052 75.411 98.08 90.318 67.817 216.314 170.577 126.4 31.128 139.276 35.666 132.882 45.424 105.89 103.295 112.321 138.608 102.087 140.04 84.397 44.947 31.531 104.27 70.632 69.935 65.656 151.079 151.203 209.079
BREDA 107.978 50.465 78.938 72.852 59.392 29.799 255.057 108.401 0.0 95.318 204.406 120.214 114.943 132.499 90.542 132.383 49.87 112.567 147.156 89.173 35.178 76.538 154.835 152.621 69.409 145.25 148.111 116.72 226.952 87.702 193.818 101.511 24.601 124.309 69.468 61.282 62.437 74.853 60.506 194.582 67.19 123.832 132.083 53.05 81.025 148.819 106.128 41.509 230.626 99.508
NIJMEGEN 122.842 108.411 135.432 89.756 65.698 79.736 207.413 111.527 95.318 0.0 133.762 133.041 24.513 146.38 83.704 70.84 46.516 133.396 133.921 128.816 95.219 125.838 103.459 81.977 132.148 158.076 134.875 63.971 195.339 100.189 123.174 114.338 119.896 138.19 34.661 121.959 123.083 65.392 121.153 123.937 116.336 137.713 137.292 113.825 112.856 162.7 47.82 138.092 179.251 196.092
ENSCHEDE 161.179 195.142 202.551 138.771 177.761 191.799 148.586 149.864 204.406 133.762 0.0 180.122 97.412 181.545 118.869 74.409 159.652 178.408 239.814 197.851 191.847 191.246 74.504 62.078 206.301 195.748 240.768 160.032 161.282 135.354 9.222 163.597 230.23 173.355 147.796 200.642 216.072 180.499 205.838 31.554 181.744 172.878 134.886 201.617 178.265 197.866 105.559 248.426 118.52 306.426
HAARLEM 19.293 72.086 59.221 63.35 138.088 126.776 201.064 52.191 120.214 133.041 180.122 0.0 116.693 23.328 73.98 109.793 102.663 15.072 227.733 42.075 105.726 52.208 132.534 130.032 62.473 32.003 228.687 197.297 140.505 49.411 171.228 23.484 140.124 41.128 118.263 74.788 84.476 150.981 74.242 171.992 81.274 32.3 80.226 75.289 42.787 57.287 97.609 140.298 208.325 165.818
ARNHEM 97.743 111.758 119.166 64.657 84.03 98.069 171.503 86.428 114.943 24.513 97.412 116.693 0.0 119.023 56.347 35.516 64.364 114.991 167.033 110.204 99.879 107.226 68.135 46.652 122.281 133.226 167.987 97.083 160.015 72.832 87.849 95.932 138.68 110.833 52.509 116.622 127.743 85.211 125.812 88.613 97.724 110.356 109.935 117.597 94.245 135.344 19.995 151.425 143.926 209.425
ZAANSTAD 28.458 84.347 71.483 73.724 150.372 139.06 200.943 53.614 132.499 146.38 181.545 23.328 119.023 0.0 73.445 109.258 113.433 29.749 238.503 53.388 117.697 63.52 131.999 129.497 73.786 24.122 239.457 201.994 137.167 55.251 170.694 31.597 156.079 24.873 129.033 86.101 95.789 161.751 85.555 171.457 92.587 14.709 79.691 86.602 54.1 41.033 97.074 151.611 207.791 177.131
AMERSFOORT 53.342 81.278 88.687 24.907 108.621 97.103 172.938 42.028 90.542 83.704 118.869 73.98 56.347 73.445 0.0 46.978 72.391 67.16 197.462 78.978 76.602 76.0 69.43 67.217 91.055 84.499 198.416 139.714 156.077 24.106 108.414 52.348 114.984 62.107 87.991 85.396 100.826 120.709 90.592 109.177 66.498 61.63 61.208 86.371 63.019 86.617 34.794 133.181 145.222 191.18
APELDOORN 89.156 123.119 130.528 66.747 114.839 128.878 143.775 77.841 132.383 70.84 74.409 109.793 35.516 109.258 46.978 0.0 94.897 105.55 197.565 124.992 118.989 118.387 41.937 17.757 133.442 122.889 198.519 127.616 133.817 62.495 64.175 90.738 157.371 100.496 83.041 127.783 143.213 115.744 132.979 64.938 108.885 100.02 58.805 128.758 105.406 125.007 32.245 175.568 117.728 233.567
DEN+BOSCH 89.814 78.711 105.581 54.741 36.654 34.288 236.946 90.29 49.87 46.516 159.652 102.663 64.364 113.433 72.391 94.897 0.0 102.717 126.37 98.136 64.904 95.158 130.223 108.74 101.833 127.396 127.324 95.934 209.305 70.055 149.937 83.658 75.078 106.455 22.611 91.644 92.768 41.163 90.838 150.701 85.656 105.979 114.436 83.51 82.177 130.966 74.583 93.275 206.014 151.274
HOOFDDORP 23.235 58.931 46.066 63.705 138.443 127.131 199.351 50.477 112.567 133.396 178.408 15.072 114.991 29.749 67.16 105.55 102.717 0.0 224.286 27.334 90.985 37.466 128.978 126.476 47.732 42.078 225.24 193.85 155.852 45.964 167.672 20.036 125.382 43.558 114.815 60.047 69.735 147.533 59.501 168.436 66.533 34.73 76.67 60.548 28.046 59.717 94.052 125.557 204.769 151.077
MAASTRICHT 214.884 198.119 230.651 179.811 90.09 127.912 336.411 215.36 147.156 133.921 239.814 227.733 167.033 238.503 197.462 197.565 126.37 224.286 0.0 221.973 182.824 218.995 230.154 208.671 217.055 251.233 25.052 76.029 322.034 193.891 249.868 207.494 172.247 230.292 142.287 208.928 210.083 84.077 208.153 250.632 209.493 229.815 238.272 200.696 206.013 254.802 174.514 144.61 305.945 187.044
LEIDEN 42.677 35.536 22.671 58.933 133.862 115.39 218.793 69.92 89.173 128.816 197.851 42.075 110.204 53.388 78.978 124.992 98.136 27.334 221.973 0.0 67.508 13.311 143.718 141.505 24.255 65.0 222.344 190.953 173.3 63.393 182.701 37.466 101.906 61.005 111.919 36.57 46.258 144.637 36.024 183.465 43.056 52.178 94.1 37.071 21.128 77.165 94.741 102.081 219.51 127.6
DORDRECHT 94.078 25.619 54.03 58.951 94.669 61.396 241.157 94.5 35.178 95.219 191.847 105.726 99.879 117.697 76.602 118.989 64.904 90.985 182.824 67.508 0.0 52.022 141.173 138.959 46.955 130.259 184.225 152.835 213.289 74.04 180.156 87.849 45.769 110.647 78.437 36.766 37.89 111.155 35.96 180.92 42.674 110.17 118.421 28.632 56.509 135.157 92.466 54.921 216.964 112.92
ZOETERMEER 52.809 29.069 16.404 55.955 130.885 102.756 228.926 80.052 76.538 125.838 191.246 52.208 107.226 63.52 76.0 118.387 95.158 37.466 218.995 13.311 52.022 0.0 140.566 138.352 18.938 76.058 219.192 187.801 184.358 73.433 179.549 48.524 87.523 72.063 108.767 31.269 40.957 141.485 30.723 180.313 22.887 63.236 105.158 31.754 25.465 88.223 91.589 96.78 216.358 122.299
ZWOLLE 111.896 145.571 152.98 89.199 147.459 161.396 104.799 75.411 154.835 103.459 74.504 132.534 68.135 131.999 69.43 41.937 130.223 128.978 230.154 143.718 141.173 140.566 0.0 34.214 155.572 145.292 232.567 161.663 92.424 84.899 65.221 113.141 179.5 122.9 117.089 149.912 165.343 149.791 155.109 58.613 131.015 122.423 49.585 150.888 127.535 95.031 80.733 197.697 76.336 255.697
DEVENTER 109.394 143.358 150.766 86.986 125.976 140.014 124.699 98.08 152.621 81.977 62.078 130.032 46.652 129.497 67.217 17.757 108.74 126.476 208.671 141.505 138.959 138.352 34.214 0.0 152.764 142.211 209.738 138.834 122.395 81.818 51.781 110.06 176.693 119.819 94.259 147.105 162.535 126.962 152.301 52.544 128.207 119.342 81.349 148.08 124.728 144.329 52.023 194.89 95.601 252.889
DELFT 63.075 15.772 11.689 71.01 128.9 95.626 239.191 90.318 69.409 132.148 206.301 62.473 122.281 73.786 91.055 133.442 101.833 47.732 217.055 24.255 46.955 18.938 155.572 152.764 0.0 86.608 217.767 186.377 194.907 87.998 194.114 59.073 79.311 82.613 115.923 16.293 25.981 144.51 15.747 194.878 36.348 73.785 115.707 17.7 37.415 98.773 106.155 81.803 230.923 107.323
ALKMAAR 42.66 97.121 84.257 88.385 163.123 151.811 174.105 67.817 145.25 158.076 195.748 32.003 133.226 24.122 84.499 122.889 127.396 42.078 251.233 65.0 130.259 76.058 145.292 142.211 86.608 0.0 255.474 224.084 110.68 70.594 186.037 50.27 166.91 26.903 145.049 101.575 111.263 177.767 101.029 186.801 108.061 30.052 74.568 102.076 69.574 25.955 112.417 167.085 199.798 192.605
HEERLEN 215.838 199.074 231.605 180.765 91.044 128.866 337.366 216.314 148.111 134.875 240.768 228.687 167.987 239.457 198.416 198.519 127.324 225.24 25.052 222.344 184.225 219.192 232.567 209.738 217.767 255.474 0.0 77.435 323.44 195.297 251.274 208.901 173.653 231.698 143.693 210.334 211.489 85.483 209.559 252.038 210.899 231.221 239.678 202.102 207.419 256.208 175.92 163.119 307.351 205.553
VENLO 181.891 167.683 200.215 149.375 59.56 97.476 266.462 170.577 116.72 63.971 160.032 197.297 97.083 201.994 139.714 127.616 95.934 193.85 76.029 190.953 152.835 187.801 161.663 138.834 186.377 224.084 77.435 0.0 250.561 155.411 170.673 178.569 143.322 193.412 89.882 180.003 181.158 47.451 179.227 179.159 180.567 192.935 192.513 171.771 177.088 217.922 103.041 160.23 234.473 218.375
LEEUWARDEN 140.913 205.421 192.556 159.292 239.339 233.513 64.621 126.4 226.952 195.339 161.282 140.505 160.015 137.167 156.077 133.817 209.305 155.852 322.034 173.3 213.289 184.358 92.424 122.395 194.907 110.68 323.44 250.561 0.0 145.712 151.073 144.945 250.212 116.102 209.142 207.61 217.298 241.844 207.064 142.55 201.726 128.004 98.738 208.111 175.609 100.267 172.786 268.409 82.003 326.408
HILVERSUM 35.148 78.438 85.847 20.042 105.781 94.263 175.039 31.128 87.702 100.189 135.354 49.411 72.832 55.251 24.106 62.495 70.055 45.964 193.891 63.393 74.04 73.433 84.899 81.818 87.998 70.594 195.297 155.411 145.712 0.0 124.2 28.746 111.537 47.334 84.545 81.949 97.38 117.262 87.145 124.963 63.051 46.857 52.217 82.924 59.572 71.845 50.58 129.734 161.297 187.733
HENGELO 150.591 184.554 191.963 128.182 167.173 181.211 137.998 139.276 193.818 123.174 9.222 171.228 87.849 170.694 108.414 64.175 149.937 167.672 249.868 182.701 180.156 179.549 65.221 51.781 194.114 186.037 251.274 170.673 151.073 124.2 0.0 152.834 219.466 162.592 137.033 189.878 205.309 169.736 195.075 20.79 170.981 162.115 124.122 190.854 167.501 187.102 94.796 237.663 107.757 295.662
AMSTELVEEN 13.439 69.587 56.722 44.647 119.384 108.072 184.539 35.666 101.511 114.338 163.597 23.484 95.932 31.597 52.348 90.738 83.658 20.036 207.494 37.466 87.849 48.524 113.141 110.06 59.073 50.27 208.901 178.569 144.945 28.746 152.834 0.0 124.917 37.539 97.871 71.794 81.483 130.589 71.248 154.453 69.785 28.711 62.687 72.296 39.794 53.699 80.07 137.305 190.787 162.825
ROOSENDAAL 132.46 60.617 88.428 97.333 84.092 54.499 279.539 132.882 24.601 119.896 230.23 140.124 138.68 156.079 114.984 157.371 75.078 125.382 172.247 101.906 45.769 87.523 179.5 176.693 79.311 166.91 173.653 143.322 250.212 111.537 219.466 124.917 0.0 147.956 93.114 70.827 71.682 99.97 69.751 218.229 76.736 147.479 155.73 62.327 90.57 172.466 129.775 17.558 254.273 75.558
PURMEREND 19.788 93.126 80.262 65.534 142.182 130.87 180.143 45.424 124.309 138.19 173.355 41.128 110.833 24.873 62.107 100.496 106.455 43.558 230.292 61.005 110.647 72.063 122.9 119.819 82.613 26.903 231.698 193.412 116.102 47.334 162.592 37.539 147.956 0.0 121.472 95.656 105.344 154.19 95.11 163.897 102.142 16.05 72.131 96.157 63.655 20.356 89.513 161.166 205.609 186.686
OSS 105.414 94.311 121.181 70.341 46.45 53.886 221.887 105.89 69.468 34.661 147.796 118.263 52.509 129.033 87.991 83.041 22.611 114.815 142.287 111.919 78.437 108.767 117.089 94.259 115.923 145.049 143.693 89.882 209.142 84.545 137.033 97.871 93.114 121.472 0.0 105.021 106.146 47.659 104.215 136.926 99.033 119.356 127.813 96.887 95.554 144.343 60.808 111.203 192.24 169.202
SCHIEDAM 75.39 6.301 23.092 65.351 120.773 87.499 249.951 103.295 61.282 121.959 200.642 74.788 116.622 86.101 85.396 127.783 91.644 60.047 208.928 36.57 36.766 31.269 149.912 147.105 16.293 101.575 210.334 180.003 207.61 81.949 189.878 71.794 70.827 95.656 105.021 0.0 18.686 136.469 8.452 189.553 28.308 86.153 127.054 5.043 42.142 111.14 100.83 74.509 225.598 100.028
SPIJKENISSE 85.078 23.669 32.78 80.781 121.928 88.655 261.194 112.321 62.437 123.083 216.072 84.476 127.743 95.789 100.826 143.213 92.768 69.735 210.083 46.258 37.89 40.957 165.343 162.535 25.981 111.263 211.489 181.158 217.298 97.38 205.309 81.483 71.682 105.344 106.146 18.686 0.0 138.693 15.054 204.802 43.557 96.531 138.453 21.369 60.161 121.518 116.079 71.827 240.847 80.887
HELMOND 138.131 125.816 153.899 103.059 14.024 55.608 254.59 138.608 74.853 65.392 180.499 150.981 85.211 161.751 120.709 115.744 41.163 147.533 84.077 144.637 111.155 141.485 149.791 126.962 144.51 177.767 85.483 47.451 241.844 117.262 169.736 130.589 99.97 154.19 47.659 136.469 138.693 0.0 135.584 169.177 132.497 152.819 161.276 128.128 129.018 177.806 93.06 116.586 224.491 174.586
VLAARDINGEN 74.844 13.435 22.546 70.547 119.997 86.724 250.96 102.087 60.506 121.153 205.838 74.242 125.812 85.555 90.592 132.979 90.838 59.501 208.153 36.024 35.96 30.723 155.109 152.301 15.747 101.029 209.559 179.227 207.064 87.145 195.075 71.248 69.751 95.11 104.215 8.452 15.054 135.584 0.0 194.415 33.17 86.364 131.916 10.981 47.004 111.352 105.691 70.011 230.459 95.531
ALMELO 151.355 185.318 192.727 128.946 167.937 181.975 115.786 140.04 194.582 123.937 31.554 171.992 88.613 171.457 109.177 64.938 150.701 168.436 250.632 183.465 180.92 180.313 58.613 52.544 194.878 186.801 252.038 179.159 142.55 124.963 20.79 154.453 218.229 163.897 136.926 189.553 204.802 169.177 194.415 0.0 170.722 161.857 108.395 190.595 167.243 186.844 94.538 237.405 85.928 295.404
GOUDA 77.327 24.073 35.301 46.453 121.382 93.408 231.053 84.397 67.19 116.336 181.744 81.274 97.724 92.587 66.498 108.885 85.656 66.533 209.493 43.056 42.674 22.887 131.015 128.207 36.348 108.061 210.899 180.567 201.726 63.051 170.981 69.785 76.736 102.142 99.033 28.308 43.557 132.497 33.17 170.722 0.0 68.077 105.017 31.458 16.554 93.064 78.792 87.5 203.56 145.5
ZAANDAM 19.791 84.299 71.434 65.057 141.705 130.393 192.044 44.947 123.832 137.713 172.878 32.3 110.356 14.709 61.63 100.02 105.979 34.73 229.815 52.178 110.17 63.236 122.423 119.342 73.785 30.052 231.221 192.935 128.004 46.857 162.115 28.711 147.479 16.05 119.356 86.153 96.531 152.819 86.364 161.857 68.077 0.0 70.763 85.835 53.333 31.816 88.146 150.844 198.862 176.364
LELYSTAD 59.589 122.819 113.356 64.423 150.162 138.644 128.064 31.531 132.083 137.292 134.886 80.226 109.935 79.691 61.208 58.805 114.436 76.67 238.272 94.1 118.421 105.158 49.585 81.349 115.707 74.568 239.678 192.513 98.738 52.217 124.122 62.687 155.73 72.131 127.813 127.054 138.453 161.276 131.916 108.395 105.017 70.763 0.0 126.973 103.621 48.145 88.36 173.783 126.596 231.782
DELFSHAVEN 75.891 3.993 26.348 66.326 112.541 79.268 250.926 104.27 53.05 113.825 201.617 75.289 117.597 86.602 86.371 128.758 83.51 60.548 200.696 37.071 28.632 31.754 150.888 148.08 17.7 102.076 202.102 171.771 208.111 82.924 190.854 72.296 62.327 96.157 96.887 5.043 21.369 128.128 10.981 190.595 31.458 85.835 126.973 0.0 42.427 110.133 101.114 62.3 225.882 120.3
ALPHEN+AAN+DEN+RIJN 43.389 37.907 35.064 42.974 117.903 106.591 227.574 70.632 81.025 112.856 178.265 42.787 94.245 54.1 63.019 105.406 82.177 28.046 206.013 21.128 56.509 25.465 127.535 124.728 37.415 69.574 207.419 177.088 175.609 59.572 167.501 39.794 90.57 63.655 95.554 42.142 60.161 129.018 47.004 167.243 16.554 53.333 103.621 42.427 0.0 78.95 78.901 98.608 203.669 156.608
HOORN 44.778 109.286 96.421 90.045 166.692 155.38 164.307 69.935 148.819 162.7 197.866 57.287 135.344 41.033 86.617 125.007 130.966 59.717 254.802 77.165 135.157 88.223 95.031 144.329 98.773 25.955 256.208 217.922 100.267 71.845 187.102 53.699 172.466 20.356 144.343 111.14 121.518 177.806 111.352 186.844 93.064 31.816 48.145 110.133 78.95 0.0 116.967 179.665 190.997 205.185
EDE 76.971 96.595 104.003 49.494 91.819 105.857 185.531 65.656 106.128 47.82 105.559 97.609 19.995 97.074 34.794 32.245 74.583 94.052 174.514 94.741 92.466 91.589 80.733 52.023 106.155 112.417 175.92 103.041 172.786 50.58 94.796 80.07 129.775 89.513 60.808 100.83 116.079 93.06 105.691 94.538 78.792 88.146 88.36 101.114 78.901 116.967 0.0 147.812 156.438 205.811
BERGEN+OP+ZOOM 140.9 67.963 88.603 115.53 101.0 71.407 297.736 151.079 41.509 138.092 248.426 140.298 151.425 151.611 133.181 175.568 93.275 125.557 144.61 102.081 54.921 96.78 197.697 194.89 81.803 167.085 163.119 160.23 268.409 129.734 237.663 137.305 17.558 161.166 111.203 74.509 71.827 116.586 70.011 237.405 87.5 150.844 173.783 62.3 98.608 179.665 147.812 0.0 267.653 63.03
ASSEN 187.688 221.363 228.771 164.991 223.25 237.188 33.691 151.203 230.626 179.251 118.52 208.325 143.926 207.791 145.222 117.728 206.014 204.769 305.945 219.51 216.964 216.358 76.336 95.601 230.923 199.798 307.351 234.473 82.003 161.297 107.757 190.787 254.273 205.609 192.24 225.598 240.847 224.491 230.459 85.928 203.56 198.862 126.596 225.882 203.669 190.997 156.438 267.653 0.0 330.993
MIDDELBURG 166.42 125.962 114.122 173.53 158.999 129.406 355.735 209.079 99.508 196.092 306.426 165.818 209.425 177.131 191.18 233.567 151.274 151.077 187.044 127.6 112.92 122.299 255.697 252.889 107.323 192.605 205.553 218.375 326.408 187.733 295.662 162.825 75.558 186.686 169.202 100.028 80.887 174.586 95.531 295.404 145.5 176.364 231.782 120.3 156.608 205.185 205.811 63.03 330.993 0.0
